PreprocessorDefinitions=Nostalgia_linear=0
Techniques=WoH_Palette
TechniqueSorting=WoH_Palette

[World of Horror Custom Palettes.fx]
WoH_color_0=0.000000,0.000000,0.000000
WoH_color_1=0.000000,0.000000,0.000000
WoH_color_2=0.000000,0.000000,0.000000
WoH_color_3=0.000000,0.000000,0.000000
WoH_color_reduction=1
WoH_dither=1
WoH_palette=0

